1090
1050
1040
1020
1010
1060
1080
1120
2190
2030
2150
6010
6020
6040
4010
2160
3010
3020
2170
3030
3040
3050
3060
3080
3090
2180
2010
2020
2200
2240
2210
2220
2090
2250
2230
2040
2050
2060
2070
2140
2120
2110
2100
2080
4020
4030
4040
4050
4061
4070
4080
4090
4100
4110
4130
4140
4150
4160
4170
4180
4190
5110
7010
6050
6060
6070
6090
1030
2130
8010
7020
1140
2270
2260
2280
2290
4200
4210
2300
2310
4220
4240
2330
2340
2320
4230
8030
2350
8020
8060
8070
8080
8040
4250
8120
8130
8100
8110
8140
8150
2360
4270
8050
4260
4280
8170
8180
8160
4290
2370
4300
2380
7030
1150
8210
8190
8200
1210
1310
6001
4001
7040
1211
2001
1212
2002
4310
6002
3091
3001
3002
6004
8290
8250
8240
8230
8270
1320
8260
8280
4002
1214
1213
8310
8300
1330
1301
4003
8311
1201
8312
3003
1810
4007
4004
3005
4031
3004
4011
4009
3007
4005
1302
1820
8012
1180
8011
9505
4320
1304
1202
9503
1303
4006
4008
9506
9502
9507
9500
9501
9504
9508
